
running 1 test
test registered_json_adapter_cases_are_all_graded ... FAILED

failures:

failures:
    registered_json_adapter_cases_are_all_graded

test result: FAILED. 0 passed; 1 failed; 0 ignored; 0 measured; 2 filtered out; finished in 0.08s

   Compiling adapter-json v0.1.0 (/home/kmosoti/projects/rha-m2/crates/adapter-json)
    Finished `test` profile [unoptimized + debuginfo] target(s) in 0.97s
     Running tests/registered.rs (target/debug/deps/registered-3007968e9bda427c)

thread 'registered_json_adapter_cases_are_all_graded' (2881296) panicked at crates/adapter-json/tests/common/mod.rs:638:9:
assertion `left == right` failed: equal-input page render differs across renderer instances
  left: Rendered { path: RelPath("unicode/complete.json"), bytes: [123, 10, 32, 32, 34, 98, 97, 99, 107, 108, 105, 110, 107, 115, 34, 58, 32, 91, 10, 32, 32, 32, 32, 123, 10, 32, 32, 32, 32, 32, 32, 34, 105, 100, 34, 58, 32, 34, 122, 45, 108, 97, 115, 116, 34, 44, 10, 32, 32, 32, 32, 32, 32, 34, 116, 105, 116, 108, 101, 34, 58, 32, 34, 76, 97, 115, 116, 34, 10, 32, 32, 32, 32, 125, 44, 10, 32, 32, 32, 32, 123, 10, 32, 32, 32, 32, 32, 32, 34, 105, 100, 34, 58, 32, 34, 97, 45, 102, 105, 114, 115, 116, 34, 44, 10, 32, 32, 32, 32, 32, 32, 34, 116, 105, 116, 108, 101, 34, 58, 32, 34, 70, 105, 114, 115, 116, 34, 10, 32, 32, 32, 32, 125, 10, 32, 32, 93, 44, 10, 32, 32, 34, 98, 111, 100, 121, 34, 58, 32, 91, 10, 32, 32, 32, 32, 123, 10, 32, 32, 32, 32, 32, 32, 34, 97, 110, 99, 104, 111, 114, 34, 58, 32, 34, 98, 111, 100, 121, 45, 104, 101, 97, 100, 105, 110, 103, 34, 44, 10, 32, 32, 32, 32, 32, 32, 34, 99, 104, 105, 108, 100, 114, 101, 110, 34, 58, 32, 91, 10, 32, 32, 32, 32, 32, 32, 32, 32, 123, 10, 32, 32, 32, 32, 32, 32, 32, 32, 32, 32, 34, 116, 101, 120, 116, 34, 58, 32, 34, 66, 111, 100, 121, 32, 104, 101, 97, 100, 105, 110, 103, 34, 44, 10, 32, 32, 32, 32, 32, 32, 32, 32, 32, 32, 34, 116, 121, 112, 101, 34, 58, 32, 34, 116, 101, 120, 116, 34, 10, 32, 32, 32, 32, 32, 32, 32, 32, 125, 10, 32, 32, 32, 32, 32, 32, 93, 44, 10, 32, 32, 32, 32, 32, 32, 34, 108, 101, 118, 101, 108, 34, 58, 32, 50, 44, 10, 32, 32, 32, 32, 32, 32, 34, 116, 121, 112, 101, 34, 58, 32, 34, 104, 101, 97, 100, 105, 110, 103, 34, 10, 32, 32, 32, 32, 125, 44, 10, 32, 32, 32, 32, 123, 10, 32, 32, 32, 32, 32, 32, 34, 99, 104, 105, 108, 100, 114, 101, 110, 34, 58, 32, 91, 10, 32, 32, 32, 32, 32, 32, 32, 32, 123, 10, 32, 32, 32, 32, 32, 32, 32, 32, 32, 32, 34, 116, 101, 120, 116, 34, 58, 32, 34, 105, 110, 108, 105, 110, 101, 34, 44, 10, 32, 32, 32, 32, 32, 32, 32, 32, 32, 32, 34, 116, 121, 112, 101, 34, 58, 32, 34, 116, 101, 120, 116, 34, 10, 32, 32, 32, 32, 32, 32, 32, 32, 125, 44, 10, 32, 32, 32, 32, 32, 32, 32, 32, 123, 10, 32, 32, 32, 32, 32, 32, 32, 32, 32, 32, 34, 116, 101, 120, 116, 34, 58, 32, 34, 96, 108, 105, 116, 101, 114, 97, 108, 96, 34, 44, 10, 32, 32, 32, 32, 32, 32, 32, 32, 32, 32, 34, 116, 121, 112, 101, 34, 58, 32, 34, 99, 111, 100, 101, 34, 10, 32, 32, 32, 32, 32, 32, 32, 32, 125, 44, 10, 32, 32, 32, 32, 32, 32, 32, 32, 123, 10, 32, 32, 32, 32, 32, 32, 32, 32, 32, 32, 34, 116, 101, 120, 116, 34, 58, 32, 34, 60, 115, 112, 97, 110, 32, 100, 97, 116, 97, 45, 120, 61, 92, 34, 38, 92, 34, 62, 114, 97, 119, 60, 47, 115, 112, 97, 110, 62, 34, 44, 10, 32, 32, 32, 32, 32, 32, 32, 32, 32, 32, 34, 116, 121, 112, 101, 34, 58, 32, 34, 104, 116, 109, 108, 34, 10, 32, 32, 32, 32, 32, 32, 32, 32, 125, 44, 10, 32, 32, 32, 32, 32, 32, 32, 32, 123, 10, 32, 32, 32, 32, 32, 32, 32, 32, 32, 32, 34, 99, 104, 105, 108, 100, 114, 101, 110, 34, 58, 32, 91, 10, 32, 32, 32, 32, 32, 32, 32, 32, 32, 32, 32, 32, 123, 10, 32, 32, 32, 32, 32, 32, 32, 32, 32, 32, 32, 32, 32, 32, 34, 116, 101, 120, 116, 34, 58, 32, 34, 104, 114, 101, 102, 45, 108, 97, 98, 101, 108, 34, 44, 10, 32, 32, 32, 32, 32, 32, 32, 32, 32, 32, 32, 32, 32, 32, 34, 116, 121, 112, 101, 34, 58, 32, 34, 116, 101, 120, 116, 34, 10, 32, 32, 32, 32, 32, 32, 32, 32, 32, 32, 32, 32, 125, 10, 32, 32, 32, 32, 32, 32, 32, 32, 32, 32, 93, 44, 10, 32, 32, 32, 32, 32, 32, 32, 32, 32, 32, 34, 104, 114, 101, 102, 34, 58, 32, 34, 104, 116, 116, 112, 115, 58, 47, 47, 101, 120, 97, 109, 112, 108, 101, 46, 116, 101, 115, 116, 47, 112, 63, 113, 61, 111, 110, 101, 38, 120, 61, 50, 92, 92, 112, 97, 116, 104, 92, 34, 113, 117, 111, 116, 101, 34, 44, 10, 32, 32, 32, 32, 32, 32, 32, 32, 32, 32, 34, 116, 121, 112, 101, 34, 58, 32, 34, 108, 105, 110, 107, 34, 10, 32, 32, 32, 32, 32, 32, 32, 32, 125, 44, 10, 32, 32, 32, 32, 32, 32, 32, 32, 123, 10, 32, 32, 32, 32, 32, 32, 32, 32, 32, 32, 34, 99, 104, 105, 108, 100, 114, 101, 110, 34, 58, 32, 91, 10, 32, 32, 32, 32, 32, 32, 32, 32, 32, 32, 32, 32, 123, 10, 32, 32, 32, 32, 32, 32, 32, 32, 32, 32, 32, 32, 32, 32, 34, 116, 101, 120, 116, 34, 58, 32, 34, 119, 105, 107, 105, 45, 108, 97, 98, 101, 108, 34, 44, 10, 32, 32, 32, 32, 32, 32, 32, 32, 32, 32, 32, 32, 32, 32, 34, 116, 121, 112, 101, 34, 58, 32, 34, 116, 101, 120, 116, 34, 10, 32, 32, 32, 32, 32, 32, 32, 32, 32, 32, 32, 32, 125, 10, 32, 32, 32, 32, 32, 32, 32, 32, 32, 32, 93, 44, 10, 32, 32, 32, 32, 32, 32, 32, 32, 32, 32, 34, 108, 105, 110, 107, 95, 105, 110, 100, 101, 120, 34, 58, 32, 48, 44, 10, 32, 32, 32, 32, 32, 32, 32, 32, 32, 32, 34, 116, 121, 112, 101, 34, 58, 32, 34, 119, 105, 107, 105, 95, 108, 105, 110, 107, 34, 10, 32, 32, 32, 32, 32, 32, 32, 32, 125, 44, 10, 32, 32, 32, 32, 32, 32, 32, 32, 123, 10, 32, 32, 32, 32, 32, 32, 32, 32, 32, 32, 34, 97, 108, 116, 34, 58, 32, 34, 105, 109, 97, 103, 101, 32, 97, 108, 116, 34, 44, 10, 32, 32, 32, 32, 32, 32, 32, 32, 32, 32, 34, 115, 114, 99, 34, 58, 32, 34, 105, 109, 103, 92, 92, 110, 97, 109, 101, 63, 113, 61, 92, 34, 120, 92, 34, 34, 44, 10, 32, 32, 32, 32, 32, 32, 32, 32, 32, 32, 34, 116, 121, 112, 101, 34, 58, 32, 34, 105, 109, 97, 103, 101, 34, 10, 32, 32, 32, 32, 32, 32, 32, 32, 125, 10, 32, 32, 32, 32, 32, 32, 93, 44, 10, 32, 32, 32, 32, 32, 32, 34, 116, 121, 112, 101, 34, 58, 32, 34, 112, 97, 114, 97, 103, 114, 97, 112, 104, 34, 10, 32, 32, 32, 32, 125, 44, 10, 32, 32, 32, 32, 123, 10, 32, 32, 32, 32, 32, 32, 34, 99, 104, 105, 108, 100, 114, 101, 110, 34, 58, 32, 91, 10, 32, 32, 32, 32, 32, 32, 32, 32, 123, 10, 32, 32, 32, 32, 32, 32, 32, 32, 32, 32, 34, 99, 104, 105, 108, 100, 114, 101, 110, 34, 58, 32, 91, 10, 32, 32, 32, 32, 32, 32, 32, 32, 32, 32, 32, 32, 123, 10, 32, 32, 32, 32, 32, 32, 32, 32, 32, 32, 32, 32, 32, 32, 34, 116, 101, 120, 116, 34, 58, 32, 34, 110, 101, 115, 116, 101, 100, 32, 101, 109, 112, 104, 97, 115, 105, 115, 34, 44, 10, 32, 32, 32, 32, 32, 32, 32, 32, 32, 32, 32, 32, 32, 32, 34, 116, 121, 112, 101, 34, 58, 32, 34, 116, 101, 120, 116, 34, 10, 32, 32, 32, 32, 32, 32, 32, 32, 32, 32, 32, 32, 125, 10, 32, 32, 32, 32, 32, 32, 32, 32, 32, 32, 93, 44, 10, 32, 32, 32, 32, 32, 32, 32, 32, 32, 32, 34, 116, 121, 112, 101, 34, 58, 32, 34, 115, 116, 114, 111, 110, 103, 34, 10, 32, 32, 32, 32, 32, 32, 32, 32, 125, 10, 32, 32, 32, 32, 32, 32, 93, 44, 10, 32, 32, 32, 32, 32, 32, 34, 116, 121, 112, 101, 34, 58, 32, 34, 101, 109, 112, 104, 97, 115, 105, 115, 34, 10, 32, 32, 32, 32, 125, 44, 10, 32, 32, 32, 32, 123, 10, 32, 32, 32, 32, 32, 32, 34, 99, 104, 105, 108, 100, 114, 101, 110, 34, 58, 32, 91, 10, 32, 32, 32, 32, 32, 32, 32, 32, 123, 10, 32, 32, 32, 32, 32, 32, 32, 32, 32, 32, 34, 116, 101, 120, 116, 34, 58, 32, 34, 103, 111, 110, 101, 34, 44, 10, 32, 32, 32, 32, 32, 32, 32, 32, 32, 32, 34, 116, 121, 112, 101, 34, 58, 32, 34, 116, 101, 120, 116, 34, 10, 32, 32, 32, 32, 32, 32, 32, 32, 125, 10, 32, 32, 32, 32, 32, 32, 93, 44, 10, 32, 32, 32, 32, 32, 32, 34, 116, 121, 112, 101, 34, 58, 32, 34, 115, 116, 114, 105, 107, 101, 116, 104, 114, 111, 117, 103, 104, 34, 10, 32, 32, 32, 32, 125, 44, 10, 32, 32, 32, 32, 123, 10, 32, 32, 32, 32, 32, 32, 34, 108, 97, 110, 103, 117, 97, 103, 101, 34, 58, 32, 110, 117, 108, 108, 44, 10, 32, 32, 32, 32, 32, 32, 34, 116, 101, 120, 116, 34, 58, 32, 34, 99, 111, 100, 101, 32, 98, 108, 111, 99, 107, 92, 110, 114, 97, 119, 34, 44, 10, 32, 32, 32, 32, 32, 32, 34, 116, 121, 112, 101, 34, 58, 32, 34, 99, 111, 100, 101, 95, 98, 108, 111, 99, 107, 34, 10, 32, 32, 32, 32, 125, 44, 10, 32, 32, 32, 32, 123, 10, 32, 32, 32, 32, 32, 32, 34, 108, 97, 110, 103, 117, 97, 103, 101, 34, 58, 32, 34, 114, 117, 115, 116, 34, 44, 10, 32, 32, 32, 32, 32, 32, 34, 116, 101, 120, 116, 34, 58, 32, 34, 102, 110, 32, 109, 97, 105, 110, 40, 41, 32, 123, 32, 112, 114, 105, 110, 116, 108, 110, 33, 40, 92, 34, 120, 92, 34, 41, 59, 32, 125, 34, 44, 10, 32, 32, 32, 32, 32, 32, 34, 116, 121, 112, 101, 34, 58, 32, 34, 99, 111, 100, 101, 95, 98, 108, 111, 99, 107, 34, 10, 32, 32, 32, 32, 125, 44, 10, 32, 32, 32, 32, 123, 10, 32, 32, 32, 32, 32, 32, 34, 105, 116, 101, 109, 115, 34, 58, 32, 91, 10, 32, 32, 32, 32, 32, 32, 32, 32, 91, 93, 44, 10, 32, 32, 32, 32, 32, 32, 32, 32, 91, 10, 32, 32, 32, 32, 32, 32, 32, 32, 32, 32, 123, 10, 32, 32, 32, 32, 32, 32, 32, 32, 32, 32, 32, 32, 34, 116, 101, 120, 116, 34, 58, 32, 34, 105, 116, 101, 109, 32, 116, 119, 111, 34, 44, 10, 32, 32, 32, 32, 32, 32, 32, 32, 32, 32, 32, 32, 34, 116, 121, 112, 101, 34, 58, 32, 34, 116, 101, 120, 116, 34, 10, 32, 32, 32, 32, 32, 32, 32, 32, 32, 32, 125, 10, 32, 32, 32, 32, 32, 32, 32, 32, 93, 10, 32, 32, 32, 32, 32, 32, 93, 44, 10, 32, 32, 32, 32, 32, 32, 34, 115, 116, 97, 114, 116, 34, 58, 32, 110, 117, 108, 108, 44, 10, 32, 32, 32, 32, 32, 32, 34, 116, 121, 112, 101, 34, 58, 32, 34, 108, 105, 115, 116, 34, 10, 32, 32, 32, 32, 125, 44, 10, 32, 32, 32, 32, 123, 10, 32, 32, 32, 32, 32, 32, 34, 105, 116, 101, 109, 115, 34, 58, 32, 91, 10, 32, 32, 32, 32, 32, 32, 32, 32, 91, 10, 32, 32, 32, 32, 32, 32, 32, 32, 32, 32, 123, 10, 32, 32, 32, 32, 32, 32, 32, 32, 32, 32, 32, 32, 34, 116, 101, 120, 116, 34, 58, 32, 34, 115, 101, 118, 101, 110, 34, 44, 10, 32, 32, 32, 32, 32, 32, 32, 32, 32, 32, 32, 32, 34, 116, 121, 112, 101, 34, 58, 32, 34, 116, 101, 120, 116, 34, 10, 32, 32, 32, 32, 32, 32, 32, 32, 32, 32, 125, 10, 32, 32, 32, 32, 32, 32, 32, 32, 93, 44, 10, 32, 32, 32, 32, 32, 32, 32, 32, 91, 10, 32, 32, 32, 32, 32, 32, 32, 32, 32, 32, 123, 10, 32, 32, 32, 32, 32, 32, 32, 32, 32, 32, 32, 32, 34, 99, 104, 105, 108, 100, 114, 101, 110, 34, 58, 32, 91, 10, 32, 32, 32, 32, 32, 32, 32, 32, 32, 32, 32, 32, 32, 32, 123, 10, 32, 32, 32, 32, 32, 32, 32, 32, 32, 32, 32, 32, 32, 32, 32, 32, 34, 116, 101, 120, 116, 34, 58, 32, 34, 110, 101, 115, 116, 101, 100, 32, 105, 116, 101, 109, 34, 44, 10, 32, 32, 32, 32, 32, 32, 32, 32, 32, 32, 32, 32, 32, 32, 32, 32, 34, 116, 121, 112, 101, 34, 58, 32, 34, 116, 101, 120, 116, 34, 10, 32, 32, 32, 32, 32, 32, 32, 32, 32, 32, 32, 32, 32, 32, 125, 10, 32, 32, 32, 32, 32, 32, 32, 32, 32, 32, 32, 32, 93, 44, 10, 32, 32, 32, 32, 32, 32, 32, 32, 32, 32, 32, 32, 34, 116, 121, 112, 101, 34, 58, 32, 34, 112, 97, 114, 97, 103, 114, 97, 112, 104, 34, 10, 32, 32, 32, 32, 32, 32, 32, 32, 32, 32, 125, 10, 32, 32, 32, 32, 32, 32, 32, 32, 93, 10, 32, 32, 32, 32, 32, 32, 93, 44, 10, 32, 32, 32, 32, 32, 32, 34, 115, 116, 97, 114, 116, 34, 58, 32, 55, 44, 10, 32, 32, 32, 32, 32, 32, 34, 116, 121, 112, 101, 34, 58, 32, 34, 108, 105, 115, 116, 34, 10, 32, 32, 32, 32, 125, 44, 10, 32, 32, 32, 32, 123, 10, 32, 32, 32, 32, 32, 32, 34, 99, 104, 105, 108, 100, 114, 101, 110, 34, 58, 32, 91, 10, 32, 32, 32, 32, 32, 32, 32, 32, 123, 10, 32, 32, 32, 32, 32, 32, 32, 32, 32, 32, 34, 116, 101, 120, 116, 34, 58, 32, 34, 112, 108, 97, 105, 110, 34, 44, 10, 32, 32, 32, 32, 32, 32, 32, 32, 32, 32, 34, 116, 121, 112, 101, 34, 58, 32, 34, 116, 101, 120, 116, 34, 10, 32, 32, 32, 32, 32, 32, 32, 32, 125, 10, 32, 32, 32, 32, 32, 32, 93, 44, 10, 32, 32, 32, 32, 32, 32, 34, 107, 105, 110, 100, 34, 58, 32, 110, 117, 108, 108, 44, 10, 32, 32, 32, 32, 32, 32, 34, 116, 121, 112, 101, 34, 58, 32, 34, 98, 108, 111, 99, 107, 95, 113, 117, 111, 116, 101, 34, 10, 32, 32, 32, 32, 125, 44, 10, 32, 32, 32, 32, 123, 10, 32, 32, 32, 32, 32, 32, 34, 99, 104, 105, 108, 100, 114, 101, 110, 34, 58, 32, 91, 10, 32, 32, 32, 32, 32, 32, 32, 32, 123, 10, 32, 32, 32, 32, 32, 32, 32, 32, 32, 32, 34, 116, 101, 120, 116, 34, 58, 32, 34, 78, 111, 116, 101, 34, 44, 10, 32, 32, 32, 32, 32, 32, 32, 32, 32, 32, 34, 116, 121, 112, 101, 34, 58, 32, 34, 116, 101, 120, 116, 34, 10, 32, 32, 32, 32, 32, 32, 32, 32, 125, 10, 32, 32, 32, 32, 32, 32, 93, 44, 10, 32, 32, 32, 32, 32, 32, 34, 107, 105, 110, 100, 34, 58, 32, 34, 110, 111, 116, 101, 34, 44, 10, 32, 32, 32, 32, 32, 32, 34, 116, 121, 112, 101, 34, 58, 32, 34, 98, 108, 111, 99, 107, 95, 113, 117, 111, 116, 101, 34, 10, 32, 32, 32, 32, 125, 44, 10, 32, 32, 32, 32, 123, 10, 32, 32, 32, 32, 32, 32, 34, 99, 104, 105, 108, 100, 114, 101, 110, 34, 58, 32, 91, 10, 32, 32, 32, 32, 32, 32, 32, 32, 123, 10, 32, 32, 32, 32, 32, 32, 32, 32, 32, 32, 34, 116, 101, 120, 116, 34, 58, 32, 34, 84, 105, 112, 34, 44, 10, 32, 32, 32, 32, 32, 32, 32, 32, 32, 32, 34, 116, 121, 112, 101, 34, 58, 32, 34, 116, 101, 120, 116, 34, 10, 32, 32, 32, 32, 32, 32, 32, 32, 125, 10, 32, 32, 32, 32, 32, 32, 93, 44, 10, 32, 32, 32, 32, 32, 32, 34, 107, 105, 110, 100, 34, 58, 32, 34, 116, 105, 112, 34, 44, 10, 32, 32, 32, 32, 32, 32, 34, 116, 121, 112, 101, 34, 58, 32, 34, 98, 108, 111, 99, 107, 95, 113, 117, 111, 116, 101, 34, 10, 32, 32, 32, 32, 125, 44, 10, 32, 32, 32, 32, 123, 10, 32, 32, 32, 32, 32, 32, 34, 99, 104, 105, 108, 100, 114, 101, 110, 34, 58, 32, 91, 10, 32, 32, 32, 32, 32, 32, 32, 32, 123, 10, 32, 32, 32, 32, 32, 32, 32, 32, 32, 32, 34, 116, 101, 120, 116, 34, 58, 32, 34, 73, 109, 112, 111, 114, 116, 97, 110, 116, 34, 44, 10, 32, 32, 32, 32, 32, 32, 32, 32, 32, 32, 34, 116, 121, 112, 101, 34, 58, 32, 34, 116, 101, 120, 116, 34, 10, 32, 32, 32, 32, 32, 32, 32, 32, 125, 10, 32, 32, 32, 32, 32, 32, 93, 44, 10, 32, 32, 32, 32, 32, 32, 34, 107, 105, 110, 100, 34, 58, 32, 34, 105, 109, 112, 111, 114, 116, 97, 110, 116, 34, 44, 10, 32, 32, 32, 32, 32, 32, 34, 116, 121, 112, 101, 34, 58, 32, 34, 98, 108, 111, 99, 107, 95, 113, 117, 111, 116, 101, 34, 10, 32, 32, 32, 32, 125, 44, 10, 32, 32, 32, 32, 123, 10, 32, 32, 32, 32, 32, 32, 34, 99, 104, 105, 108, 100, 114, 101, 110, 34, 58, 32, 91, 10, 32, 32, 32, 32, 32, 32, 32, 32, 123, 10, 32, 32, 32, 32, 32, 32, 32, 32, 32, 32, 34, 116, 101, 120, 116, 34, 58, 32, 34, 87, 97, 114, 110, 105, 110, 103, 34, 44, 10, 32, 32, 32, 32, 32, 32, 32, 32, 32, 32, 34, 116, 121, 112, 101, 34, 58, 32, 34, 116, 101, 120, 116, 34, 10, 32, 32, 32, 32, 32, 32, 32, 32, 125, 10, 32, 32, 32, 32, 32, 32, 93, 44, 10, 32, 32, 32, 32, 32, 32, 34, 107, 105, 110, 100, 34, 58, 32, 34, 119, 97, 114, 110, 105, 110, 103, 34, 44, 10, 32, 32, 32, 32, 32, 32, 34, 116, 121, 112, 101, 34, 58, 32, 34, 98, 108, 111, 99, 107, 95, 113, 117, 111, 116, 101, 34, 10, 32, 32, 32, 32, 125, 44, 10, 32, 32, 32, 32, 123, 10, 32, 32, 32, 32, 32, 32, 34, 99, 104, 105, 108, 100, 114, 101, 110, 34, 58, 32, 91, 10, 32, 32, 32, 32, 32, 32, 32, 32, 123, 10, 32, 32, 32, 32, 32, 32, 32, 32, 32, 32, 34, 116, 101, 120, 116, 34, 58, 32, 34, 67, 97, 117, 116, 105, 111, 110, 34, 44, 10, 32, 32, 32, 32, 32, 32, 32, 32, 32, 32, 34, 116, 121, 112, 101, 34, 58, 32, 34, 116, 101, 120, 116, 34, 10, 32, 32, 32, 32, 32, 32, 32, 32, 125, 10, 32, 32, 32, 32, 32, 32, 93, 44, 10, 32, 32, 32, 32, 32, 32, 34, 107, 105, 110, 100, 34, 58, 32, 34, 99, 97, 117, 116, 105, 111, 110, 34, 44, 10, 32, 32, 32, 32, 32, 32, 34, 116, 121, 112, 101, 34, 58, 32, 34, 98, 108, 111, 99, 107, 95, 113, 117, 111, 116, 101, 34, 10, 32, 32, 32, 32, 125, 44, 10, 32, 32, 32, 32, 123, 10, 32, 32, 32, 32, 32, 32, 34, 97, 108, 105, 103, 110, 34, 58, 32, 91, 10, 32, 32, 32, 32, 32, 32, 32, 32, 34, 110, 111, 110, 101, 34, 44, 10, 32, 32, 32, 32, 32, 32, 32, 32, 34, 108, 101, 102, 116, 34, 44, 10, 32, 32, 32, 32, 32, 32, 32, 32, 34, 99, 101, 110, 116, 101, 114, 34, 44, 10, 32, 32, 32, 32, 32, 32, 32, 32, 34, 114, 105, 103, 104, 116, 34, 10, 32, 32, 32, 32, 32, 32, 93, 44, 10, 32, 32, 32, 32, 32, 32, 34, 104, 101, 97, 100, 34, 58, 32, 91, 10, 32, 32, 32, 32, 32, 32, 32, 32, 91, 10, 32, 32, 32, 32, 32, 32, 32, 32, 32, 32, 123, 10, 32, 32, 32, 32, 32, 32, 32, 32, 32, 32, 32, 32, 34, 116, 101, 120, 116, 34, 58, 32, 34, 104, 101, 97, 100, 45, 49, 34, 44, 10, 32, 32, 32, 32, 32, 32, 32, 32, 32, 32, 32, 32, 34, 116, 121, 112, 101, 34, 58, 32, 34, 116, 101, 120, 116, 34, 10, 32, 32, 32, 32, 32, 32, 32, 32, 32, 32, 125, 10, 32, 32, 32, 32, 32, 32, 32, 32, 93, 44, 10, 32, 32, 32, 32, 32, 32, 32, 32, 91, 10, 32, 32, 32, 32, 32, 32, 32, 32, 32, 32, 123, 10, 32, 32, 32, 32, 32, 32, 32, 32, 32, 32, 32, 32, 34, 116, 101, 120, 116, 34, 58, 32, 34, 104, 101, 97, 100, 45, 50, 34, 44, 10, 32, 32, 32, 32, 32, 32, 32, 32, 32, 32, 32, 32, 34, 116, 121, 112, 101, 34, 58, 32, 34, 116, 101, 120, 116, 34, 10, 32, 32, 32, 32, 32, 32, 32, 32, 32, 32, 125, 10, 32, 32, 32, 32, 32, 32, 32, 32, 93, 10, 32, 32, 32, 32, 32, 32, 93, 44, 10, 32, 32, 32, 32, 32, 32, 34, 114, 111, 119, 115, 34, 58, 32, 91, 10, 32, 32, 32, 32, 32, 32, 32, 32, 91, 10, 32, 32, 32, 32, 32, 32, 32, 32, 32, 32, 91, 10, 32, 32, 32, 32, 32, 32, 32, 32, 32, 32, 32, 32, 123, 10, 32, 32, 32, 32, 32, 32, 32, 32, 32, 32, 32, 32, 32, 32, 34, 116, 101, 120, 116, 34, 58, 32, 34, 108, 101, 102, 116, 34, 44, 10, 32, 32, 32, 32, 32, 32, 32, 32, 32, 32, 32, 32, 32, 32, 34, 116, 121, 112, 101, 34, 58, 32, 34, 116, 101, 120, 116, 34, 10, 32, 32, 32, 32, 32, 32, 32, 32, 32, 32, 32, 32, 125, 10, 32, 32, 32, 32, 32, 32, 32, 32, 32, 32, 93, 44, 10, 32, 32, 32, 32, 32, 32, 32, 32, 32, 32, 91, 10, 32, 32, 32, 32, 32, 32, 32, 32, 32, 32, 32, 32, 123, 10, 32, 32, 32, 32, 32, 32, 32, 32, 32, 32, 32, 32, 32, 32, 34, 116, 101, 120, 116, 34, 58, 32, 34, 99, 101, 110, 116, 101, 114, 34, 44, 10, 32, 32, 32, 32, 32, 32, 32, 32, 32, 32, 32, 32, 32, 32, 34, 116, 121, 112, 101, 34, 58, 32, 34, 116, 101, 120, 116, 34, 10, 32, 32, 32, 32, 32, 32, 32, 32, 32, 32, 32, 32, 125, 10, 32, 32, 32, 32, 32, 32, 32, 32, 32, 32, 93, 44, 10, 32, 32, 32, 32, 32, 32, 32, 32, 32, 32, 91, 10, 32, 32, 32, 32, 32, 32, 32, 32, 32, 32, 32, 32, 123, 10, 32, 32, 32, 32, 32, 32, 32, 32, 32, 32, 32, 32, 32, 32, 34, 116, 101, 120, 116, 34, 58, 32, 34, 114, 105, 103, 104, 116, 34, 44, 10, 32, 32, 32, 32, 32, 32, 32, 32, 32, 32, 32, 32, 32, 32, 34, 116, 121, 112, 101, 34, 58, 32, 34, 116, 101, 120, 116, 34, 10, 32, 32, 32, 32, 32, 32, 32, 32, 32, 32, 32, 32, 125, 10, 32, 32, 32, 32, 32, 32, 32, 32, 32, 32, 93, 44, 10, 32, 32, 32, 32, 32, 32, 32, 32, 32, 32, 91, 93, 10, 32, 32, 32, 32, 32, 32, 32, 32, 93, 44, 10, 32, 32, 32, 32, 32, 32, 32, 32, 91, 10, 32, 32, 32, 32, 32, 32, 32, 32, 32, 32, 91, 10, 32, 32, 32, 32, 32, 32, 32, 32, 32, 32, 32, 32, 123, 10, 32, 32, 32, 32, 32, 32, 32, 32, 32, 32, 32, 32, 32, 32, 34, 116, 101, 120, 116, 34, 58, 32, 34, 114, 111, 119, 50, 34, 44, 10, 32, 32, 32, 32, 32, 32, 32, 32, 32, 32, 32, 32, 32, 32, 34, 116, 121, 112, 101, 34, 58, 32, 34, 99, 111, 100, 101, 34, 10, 32, 32, 32, 32, 32, 32, 32, 32, 32, 32, 32, 32, 125, 10, 32, 32, 32, 32, 32, 32, 32, 32, 32, 32, 93, 44, 10, 32, 32, 32, 32, 32, 32, 32, 32, 32, 32, 91, 10, 32, 32, 32, 32, 32, 32, 32, 32, 32, 32, 32, 32, 123, 10, 32, 32, 32, 32, 32, 32, 32, 32, 32, 32, 32, 32, 32, 32, 34, 116, 101, 120, 116, 34, 58, 32, 34, 60, 98, 62, 114, 111, 119, 50, 60, 47, 98, 62, 34, 44, 10, 32, 32, 32, 32, 32, 32, 32, 32, 32, 32, 32, 32, 32, 32, 34, 116, 121, 112, 101, 34, 58, 32, 34, 104, 116, 109, 108, 34, 10, 32, 32, 32, 32, 32, 32, 32, 32, 32, 32, 32, 32, 125, 10, 32, 32, 32, 32, 32, 32, 32, 32, 32, 32, 93, 10, 32, 32, 32, 32, 32, 32, 32, 32, 93, 10, 32, 32, 32, 32, 32, 32, 93, 44, 10, 32, 32, 32, 32, 32, 32, 34, 116, 121, 112, 101, 34, 58, 32, 34, 116, 97, 98, 108, 101, 34, 10, 32, 32, 32, 32, 125, 44, 10, 32, 32, 32, 32, 123, 10, 32, 32, 32, 32, 32, 32, 34, 99, 104, 101, 99, 107, 101, 100, 34, 58, 32, 102, 97, 108, 115, 101, 44, 10, 32, 32, 32, 32, 32, 32, 34, 116, 121, 112, 101, 34, 58, 32, 34, 116, 97, 115, 107, 95, 109, 97, 114, 107, 101, 114, 34, 10, 32, 32, 32, 32, 125, 44, 10, 32, 32, 32, 32, 123, 10, 32, 32, 32, 32, 32, 32, 34, 99, 104, 101, 99, 107, 101, 100, 34, 58, 32, 116, 114, 117, 101, 44, 10, 32, 32, 32, 32, 32, 32, 34, 116, 121, 112, 101, 34, 58, 32, 34, 116, 97, 115, 107, 95, 109, 97, 114, 107, 101, 114, 34, 10, 32, 32, 32, 32, 125, 44, 10, 32, 32, 32, 32, 123, 10, 32, 32, 32, 32, 32, 32, 34, 116, 121, 112, 101, 34, 58, 32, 34, 114, 117, 108, 101, 34, 10, 32, 32, 32, 32, 125, 44, 10, 32, 32, 32, 32, 123, 10, 32, 32, 32, 32, 32, 32, 34, 116, 121, 112, 101, 34, 58, 32, 34, 115, 111, 102, 116, 95, 98, 114, 101, 97, 107, 34, 10, 32, 32, 32, 32, 125, 44, 10, 32, 32, 32, 32, 123, 10, 32, 32, 32, 32, 32, 32, 34, 116, 121, 112, 101, 34, 58, 32, 34, 104, 97, 114, 100, 95, 98, 114, 101, 97, 107, 34, 10, 32, 32, 32, 32, 125, 10, 32, 32, 93, 44, 10, 32, 32, 34, 98, 114, 101, 97, 100, 99, 114, 117, 109, 98, 115, 34, 58, 32, 91, 10, 32, 32, 32, 32, 34, 117, 110, 105, 99, 111, 100, 101, 34, 44, 10, 32, 32, 32, 32, 34, 102, 105, 120, 116, 117, 114, 101, 115, 34, 10, 32, 32, 93, 44, 10, 32, 32, 34, 98, 117, 105, 108, 116, 95, 97, 116, 34, 58, 32, 34, 50, 48, 50, 54, 45, 48, 57, 45, 50, 51, 84, 48, 48, 58, 48, 48, 58, 48, 48, 90, 34, 44, 10, 32, 32, 34, 105, 100, 34, 58, 32, 34, 117, 110, 105, 99, 111, 100, 101, 47, 99, 111, 109, 112, 108, 101, 116, 101, 34, 44, 10, 32, 32, 34, 107, 105, 110, 100, 34, 58, 32, 34, 114, 104, 97, 119, 105, 107, 105, 95, 112, 97, 103, 101, 34, 44, 10, 32, 32, 34, 108, 105, 110, 107, 115, 34, 58, 32, 91, 10, 32, 32, 32, 32, 123, 10, 32, 32, 32, 32, 32, 32, 34, 97, 110, 99, 104, 111, 114, 34, 58, 32, 34, 114, 195, 169, 115, 117, 109, 195, 169, 63, 120, 61, 49, 34, 44, 10, 32, 32, 32, 32, 32, 32, 34, 112, 97, 103, 101, 34, 58, 32, 34, 117, 110, 105, 99, 111, 100, 101, 47, 116, 97, 114, 103, 101, 116, 34, 44, 10, 32, 32, 32, 32, 32, 32, 34, 115, 116, 97, 116, 117, 115, 34, 58, 32, 34, 114, 101, 115, 111, 108, 118, 101, 100, 34, 10, 32, 32, 32, 32, 125, 44, 10, 32, 32, 32, 32, 123, 10, 32, 32, 32, 32, 32, 32, 34, 97, 110, 99, 104, 111, 114, 34, 58, 32, 110, 117, 108, 108, 44, 10, 32, 32, 32, 32, 32, 32, 34, 112, 97, 103, 101, 34, 58, 32, 110, 117, 108, 108, 44, 10, 32, 32, 32, 32, 32, 32, 34, 115, 116, 97, 116, 117, 115, 34, 58, 32, 34, 117, 110, 114, 101, 115, 111, 108, 118, 101, 100, 34, 10, 32, 32, 32, 32, 125, 10, 32, 32, 93, 44, 10, 32, 32, 34, 115, 99, 104, 101, 109, 97, 95, 118, 101, 114, 115, 105, 111, 110, 34, 58, 32, 49, 44, 10, 32, 32, 34, 116, 105, 116, 108, 101, 34, 58, 32, 34, 84, 195, 173, 116, 108, 101, 32, 230, 151, 165, 230, 156, 172, 32, 240, 159, 152, 128, 34, 44, 10, 32, 32, 34, 116, 111, 99, 34, 58, 32, 91, 10, 32, 32, 32, 32, 123, 10, 32, 32, 32, 32, 32, 32, 34, 97, 110, 99, 104, 111, 114, 34, 58, 32, 34, 116, 111, 99, 45, 100, 105, 102, 102, 34, 44, 10, 32, 32, 32, 32, 32, 32, 34, 108, 101, 118, 101, 108, 34, 58, 32, 49, 44, 10, 32, 32, 32, 32, 32, 32, 34, 116, 101, 120, 116, 34, 58, 32, 34, 84, 79, 67, 32, 100, 105, 102, 102, 101, 114, 115, 34, 10, 32, 32, 32, 32, 125, 44, 10, 32, 32, 32, 32, 123, 10, 32, 32, 32, 32, 32, 32, 34, 97, 110, 99, 104, 111, 114, 34, 58, 32, 34, 115, 101, 99, 111, 110, 100, 34, 44, 10, 32, 32, 32, 32, 32, 32, 34, 108, 101, 118, 101, 108, 34, 58, 32, 51, 44, 10, 32, 32, 32, 32, 32, 32, 34, 116, 101, 120, 116, 34, 58, 32, 34, 83, 101, 99, 111, 110, 100, 34, 10, 32, 32, 32, 32, 125, 10, 32, 32, 93, 10, 125, 10] }
 right: Rendered { path: RelPath("unicode/complete.json"), bytes: [32, 123, 10, 32, 32, 34, 98, 97, 99, 107, 108, 105, 110, 107, 115, 34, 58, 32, 91, 10, 32, 32, 32, 32, 123, 10, 32, 32, 32, 32, 32, 32, 34, 105, 100, 34, 58, 32, 34, 122, 45, 108, 97, 115, 116, 34, 44, 10, 32, 32, 32, 32, 32, 32, 34, 116, 105, 116, 108, 101, 34, 58, 32, 34, 76, 97, 115, 116, 34, 10, 32, 32, 32, 32, 125, 44, 10, 32, 32, 32, 32, 123, 10, 32, 32, 32, 32, 32, 32, 34, 105, 100, 34, 58, 32, 34, 97, 45, 102, 105, 114, 115, 116, 34, 44, 10, 32, 32, 32, 32, 32, 32, 34, 116, 105, 116, 108, 101, 34, 58, 32, 34, 70, 105, 114, 115, 116, 34, 10, 32, 32, 32, 32, 125, 10, 32, 32, 93, 44, 10, 32, 32, 34, 98, 111, 100, 121, 34, 58, 32, 91, 10, 32, 32, 32, 32, 123, 10, 32, 32, 32, 32, 32, 32, 34, 97, 110, 99, 104, 111, 114, 34, 58, 32, 34, 98, 111, 100, 121, 45, 104, 101, 97, 100, 105, 110, 103, 34, 44, 10, 32, 32, 32, 32, 32, 32, 34, 99, 104, 105, 108, 100, 114, 101, 110, 34, 58, 32, 91, 10, 32, 32, 32, 32, 32, 32, 32, 32, 123, 10, 32, 32, 32, 32, 32, 32, 32, 32, 32, 32, 34, 116, 101, 120, 116, 34, 58, 32, 34, 66, 111, 100, 121, 32, 104, 101, 97, 100, 105, 110, 103, 34, 44, 10, 32, 32, 32, 32, 32, 32, 32, 32, 32, 32, 34, 116, 121, 112, 101, 34, 58, 32, 34, 116, 101, 120, 116, 34, 10, 32, 32, 32, 32, 32, 32, 32, 32, 125, 10, 32, 32, 32, 32, 32, 32, 93, 44, 10, 32, 32, 32, 32, 32, 32, 34, 108, 101, 118, 101, 108, 34, 58, 32, 50, 44, 10, 32, 32, 32, 32, 32, 32, 34, 116, 121, 112, 101, 34, 58, 32, 34, 104, 101, 97, 100, 105, 110, 103, 34, 10, 32, 32, 32, 32, 125, 44, 10, 32, 32, 32, 32, 123, 10, 32, 32, 32, 32, 32, 32, 34, 99, 104, 105, 108, 100, 114, 101, 110, 34, 58, 32, 91, 10, 32, 32, 32, 32, 32, 32, 32, 32, 123, 10, 32, 32, 32, 32, 32, 32, 32, 32, 32, 32, 34, 116, 101, 120, 116, 34, 58, 32, 34, 105, 110, 108, 105, 110, 101, 34, 44, 10, 32, 32, 32, 32, 32, 32, 32, 32, 32, 32, 34, 116, 121, 112, 101, 34, 58, 32, 34, 116, 101, 120, 116, 34, 10, 32, 32, 32, 32, 32, 32, 32, 32, 125, 44, 10, 32, 32, 32, 32, 32, 32, 32, 32, 123, 10, 32, 32, 32, 32, 32, 32, 32, 32, 32, 32, 34, 116, 101, 120, 116, 34, 58, 32, 34, 96, 108, 105, 116, 101, 114, 97, 108, 96, 34, 44, 10, 32, 32, 32, 32, 32, 32, 32, 32, 32, 32, 34, 116, 121, 112, 101, 34, 58, 32, 34, 99, 111, 100, 101, 34, 10, 32, 32, 32, 32, 32, 32, 32, 32, 125, 44, 10, 32, 32, 32, 32, 32, 32, 32, 32, 123, 10, 32, 32, 32, 32, 32, 32, 32, 32, 32, 32, 34, 116, 101, 120, 116, 34, 58, 32, 34, 60, 115, 112, 97, 110, 32, 100, 97, 116, 97, 45, 120, 61, 92, 34, 38, 92, 34, 62, 114, 97, 119, 60, 47, 115, 112, 97, 110, 62, 34, 44, 10, 32, 32, 32, 32, 32, 32, 32, 32, 32, 32, 34, 116, 121, 112, 101, 34, 58, 32, 34, 104, 116, 109, 108, 34, 10, 32, 32, 32, 32, 32, 32, 32, 32, 125, 44, 10, 32, 32, 32, 32, 32, 32, 32, 32, 123, 10, 32, 32, 32, 32, 32, 32, 32, 32, 32, 32, 34, 99, 104, 105, 108, 100, 114, 101, 110, 34, 58, 32, 91, 10, 32, 32, 32, 32, 32, 32, 32, 32, 32, 32, 32, 32, 123, 10, 32, 32, 32, 32, 32, 32, 32, 32, 32, 32, 32, 32, 32, 32, 34, 116, 101, 120, 116, 34, 58, 32, 34, 104, 114, 101, 102, 45, 108, 97, 98, 101, 108, 34, 44, 10, 32, 32, 32, 32, 32, 32, 32, 32, 32, 32, 32, 32, 32, 32, 34, 116, 121, 112, 101, 34, 58, 32, 34, 116, 101, 120, 116, 34, 10, 32, 32, 32, 32, 32, 32, 32, 32, 32, 32, 32, 32, 125, 10, 32, 32, 32, 32, 32, 32, 32, 32, 32, 32, 93, 44, 10, 32, 32, 32, 32, 32, 32, 32, 32, 32, 32, 34, 104, 114, 101, 102, 34, 58, 32, 34, 104, 116, 116, 112, 115, 58, 47, 47, 101, 120, 97, 109, 112, 108, 101, 46, 116, 101, 115, 116, 47, 112, 63, 113, 61, 111, 110, 101, 38, 120, 61, 50, 92, 92, 112, 97, 116, 104, 92, 34, 113, 117, 111, 116, 101, 34, 44, 10, 32, 32, 32, 32, 32, 32, 32, 32, 32, 32, 34, 116, 121, 112, 101, 34, 58, 32, 34, 108, 105, 110, 107, 34, 10, 32, 32, 32, 32, 32, 32, 32, 32, 125, 44, 10, 32, 32, 32, 32, 32, 32, 32, 32, 123, 10, 32, 32, 32, 32, 32, 32, 32, 32, 32, 32, 34, 99, 104, 105, 108, 100, 114, 101, 110, 34, 58, 32, 91, 10, 32, 32, 32, 32, 32, 32, 32, 32, 32, 32, 32, 32, 123, 10, 32, 32, 32, 32, 32, 32, 32, 32, 32, 32, 32, 32, 32, 32, 34, 116, 101, 120, 116, 34, 58, 32, 34, 119, 105, 107, 105, 45, 108, 97, 98, 101, 108, 34, 44, 10, 32, 32, 32, 32, 32, 32, 32, 32, 32, 32, 32, 32, 32, 32, 34, 116, 121, 112, 101, 34, 58, 32, 34, 116, 101, 120, 116, 34, 10, 32, 32, 32, 32, 32, 32, 32, 32, 32, 32, 32, 32, 125, 10, 32, 32, 32, 32, 32, 32, 32, 32, 32, 32, 93, 44, 10, 32, 32, 32, 32, 32, 32, 32, 32, 32, 32, 34, 108, 105, 110, 107, 95, 105, 110, 100, 101, 120, 34, 58, 32, 48, 44, 10, 32, 32, 32, 32, 32, 32, 32, 32, 32, 32, 34, 116, 121, 112, 101, 34, 58, 32, 34, 119, 105, 107, 105, 95, 108, 105, 110, 107, 34, 10, 32, 32, 32, 32, 32, 32, 32, 32, 125, 44, 10, 32, 32, 32, 32, 32, 32, 32, 32, 123, 10, 32, 32, 32, 32, 32, 32, 32, 32, 32, 32, 34, 97, 108, 116, 34, 58, 32, 34, 105, 109, 97, 103, 101, 32, 97, 108, 116, 34, 44, 10, 32, 32, 32, 32, 32, 32, 32, 32, 32, 32, 34, 115, 114, 99, 34, 58, 32, 34, 105, 109, 103, 92, 92, 110, 97, 109, 101, 63, 113, 61, 92, 34, 120, 92, 34, 34, 44, 10, 32, 32, 32, 32, 32, 32, 32, 32, 32, 32, 34, 116, 121, 112, 101, 34, 58, 32, 34, 105, 109, 97, 103, 101, 34, 10, 32, 32, 32, 32, 32, 32, 32, 32, 125, 10, 32, 32, 32, 32, 32, 32, 93, 44, 10, 32, 32, 32, 32, 32, 32, 34, 116, 121, 112, 101, 34, 58, 32, 34, 112, 97, 114, 97, 103, 114, 97, 112, 104, 34, 10, 32, 32, 32, 32, 125, 44, 10, 32, 32, 32, 32, 123, 10, 32, 32, 32, 32, 32, 32, 34, 99, 104, 105, 108, 100, 114, 101, 110, 34, 58, 32, 91, 10, 32, 32, 32, 32, 32, 32, 32, 32, 123, 10, 32, 32, 32, 32, 32, 32, 32, 32, 32, 32, 34, 99, 104, 105, 108, 100, 114, 101, 110, 34, 58, 32, 91, 10, 32, 32, 32, 32, 32, 32, 32, 32, 32, 32, 32, 32, 123, 10, 32, 32, 32, 32, 32, 32, 32, 32, 32, 32, 32, 32, 32, 32, 34, 116, 101, 120, 116, 34, 58, 32, 34, 110, 101, 115, 116, 101, 100, 32, 101, 109, 112, 104, 97, 115, 105, 115, 34, 44, 10, 32, 32, 32, 32, 32, 32, 32, 32, 32, 32, 32, 32, 32, 32, 34, 116, 121, 112, 101, 34, 58, 32, 34, 116, 101, 120, 116, 34, 10, 32, 32, 32, 32, 32, 32, 32, 32, 32, 32, 32, 32, 125, 10, 32, 32, 32, 32, 32, 32, 32, 32, 32, 32, 93, 44, 10, 32, 32, 32, 32, 32, 32, 32, 32, 32, 32, 34, 116, 121, 112, 101, 34, 58, 32, 34, 115, 116, 114, 111, 110, 103, 34, 10, 32, 32, 32, 32, 32, 32, 32, 32, 125, 10, 32, 32, 32, 32, 32, 32, 93, 44, 10, 32, 32, 32, 32, 32, 32, 34, 116, 121, 112, 101, 34, 58, 32, 34, 101, 109, 112, 104, 97, 115, 105, 115, 34, 10, 32, 32, 32, 32, 125, 44, 10, 32, 32, 32, 32, 123, 10, 32, 32, 32, 32, 32, 32, 34, 99, 104, 105, 108, 100, 114, 101, 110, 34, 58, 32, 91, 10, 32, 32, 32, 32, 32, 32, 32, 32, 123, 10, 32, 32, 32, 32, 32, 32, 32, 32, 32, 32, 34, 116, 101, 120, 116, 34, 58, 32, 34, 103, 111, 110, 101, 34, 44, 10, 32, 32, 32, 32, 32, 32, 32, 32, 32, 32, 34, 116, 121, 112, 101, 34, 58, 32, 34, 116, 101, 120, 116, 34, 10, 32, 32, 32, 32, 32, 32, 32, 32, 125, 10, 32, 32, 32, 32, 32, 32, 93, 44, 10, 32, 32, 32, 32, 32, 32, 34, 116, 121, 112, 101, 34, 58, 32, 34, 115, 116, 114, 105, 107, 101, 116, 104, 114, 111, 117, 103, 104, 34, 10, 32, 32, 32, 32, 125, 44, 10, 32, 32, 32, 32, 123, 10, 32, 32, 32, 32, 32, 32, 34, 108, 97, 110, 103, 117, 97, 103, 101, 34, 58, 32, 110, 117, 108, 108, 44, 10, 32, 32, 32, 32, 32, 32, 34, 116, 101, 120, 116, 34, 58, 32, 34, 99, 111, 100, 101, 32, 98, 108, 111, 99, 107, 92, 110, 114, 97, 119, 34, 44, 10, 32, 32, 32, 32, 32, 32, 34, 116, 121, 112, 101, 34, 58, 32, 34, 99, 111, 100, 101, 95, 98, 108, 111, 99, 107, 34, 10, 32, 32, 32, 32, 125, 44, 10, 32, 32, 32, 32, 123, 10, 32, 32, 32, 32, 32, 32, 34, 108, 97, 110, 103, 117, 97, 103, 101, 34, 58, 32, 34, 114, 117, 115, 116, 34, 44, 10, 32, 32, 32, 32, 32, 32, 34, 116, 101, 120, 116, 34, 58, 32, 34, 102, 110, 32, 109, 97, 105, 110, 40, 41, 32, 123, 32, 112, 114, 105, 110, 116, 108, 110, 33, 40, 92, 34, 120, 92, 34, 41, 59, 32, 125, 34, 44, 10, 32, 32, 32, 32, 32, 32, 34, 116, 121, 112, 101, 34, 58, 32, 34, 99, 111, 100, 101, 95, 98, 108, 111, 99, 107, 34, 10, 32, 32, 32, 32, 125, 44, 10, 32, 32, 32, 32, 123, 10, 32, 32, 32, 32, 32, 32, 34, 105, 116, 101, 109, 115, 34, 58, 32, 91, 10, 32, 32, 32, 32, 32, 32, 32, 32, 91, 93, 44, 10, 32, 32, 32, 32, 32, 32, 32, 32, 91, 10, 32, 32, 32, 32, 32, 32, 32, 32, 32, 32, 123, 10, 32, 32, 32, 32, 32, 32, 32, 32, 32, 32, 32, 32, 34, 116, 101, 120, 116, 34, 58, 32, 34, 105, 116, 101, 109, 32, 116, 119, 111, 34, 44, 10, 32, 32, 32, 32, 32, 32, 32, 32, 32, 32, 32, 32, 34, 116, 121, 112, 101, 34, 58, 32, 34, 116, 101, 120, 116, 34, 10, 32, 32, 32, 32, 32, 32, 32, 32, 32, 32, 125, 10, 32, 32, 32, 32, 32, 32, 32, 32, 93, 10, 32, 32, 32, 32, 32, 32, 93, 44, 10, 32, 32, 32, 32, 32, 32, 34, 115, 116, 97, 114, 116, 34, 58, 32, 110, 117, 108, 108, 44, 10, 32, 32, 32, 32, 32, 32, 34, 116, 121, 112, 101, 34, 58, 32, 34, 108, 105, 115, 116, 34, 10, 32, 32, 32, 32, 125, 44, 10, 32, 32, 32, 32, 123, 10, 32, 32, 32, 32, 32, 32, 34, 105, 116, 101, 109, 115, 34, 58, 32, 91, 10, 32, 32, 32, 32, 32, 32, 32, 32, 91, 10, 32, 32, 32, 32, 32, 32, 32, 32, 32, 32, 123, 10, 32, 32, 32, 32, 32, 32, 32, 32, 32, 32, 32, 32, 34, 116, 101, 120, 116, 34, 58, 32, 34, 115, 101, 118, 101, 110, 34, 44, 10, 32, 32, 32, 32, 32, 32, 32, 32, 32, 32, 32, 32, 34, 116, 121, 112, 101, 34, 58, 32, 34, 116, 101, 120, 116, 34, 10, 32, 32, 32, 32, 32, 32, 32, 32, 32, 32, 125, 10, 32, 32, 32, 32, 32, 32, 32, 32, 93, 44, 10, 32, 32, 32, 32, 32, 32, 32, 32, 91, 10, 32, 32, 32, 32, 32, 32, 32, 32, 32, 32, 123, 10, 32, 32, 32, 32, 32, 32, 32, 32, 32, 32, 32, 32, 34, 99, 104, 105, 108, 100, 114, 101, 110, 34, 58, 32, 91, 10, 32, 32, 32, 32, 32, 32, 32, 32, 32, 32, 32, 32, 32, 32, 123, 10, 32, 32, 32, 32, 32, 32, 32, 32, 32, 32, 32, 32, 32, 32, 32, 32, 34, 116, 101, 120, 116, 34, 58, 32, 34, 110, 101, 115, 116, 101, 100, 32, 105, 116, 101, 109, 34, 44, 10, 32, 32, 32, 32, 32, 32, 32, 32, 32, 32, 32, 32, 32, 32, 32, 32, 34, 116, 121, 112, 101, 34, 58, 32, 34, 116, 101, 120, 116, 34, 10, 32, 32, 32, 32, 32, 32, 32, 32, 32, 32, 32, 32, 32, 32, 125, 10, 32, 32, 32, 32, 32, 32, 32, 32, 32, 32, 32, 32, 93, 44, 10, 32, 32, 32, 32, 32, 32, 32, 32, 32, 32, 32, 32, 34, 116, 121, 112, 101, 34, 58, 32, 34, 112, 97, 114, 97, 103, 114, 97, 112, 104, 34, 10, 32, 32, 32, 32, 32, 32, 32, 32, 32, 32, 125, 10, 32, 32, 32, 32, 32, 32, 32, 32, 93, 10, 32, 32, 32, 32, 32, 32, 93, 44, 10, 32, 32, 32, 32, 32, 32, 34, 115, 116, 97, 114, 116, 34, 58, 32, 55, 44, 10, 32, 32, 32, 32, 32, 32, 34, 116, 121, 112, 101, 34, 58, 32, 34, 108, 105, 115, 116, 34, 10, 32, 32, 32, 32, 125, 44, 10, 32, 32, 32, 32, 123, 10, 32, 32, 32, 32, 32, 32, 34, 99, 104, 105, 108, 100, 114, 101, 110, 34, 58, 32, 91, 10, 32, 32, 32, 32, 32, 32, 32, 32, 123, 10, 32, 32, 32, 32, 32, 32, 32, 32, 32, 32, 34, 116, 101, 120, 116, 34, 58, 32, 34, 112, 108, 97, 105, 110, 34, 44, 10, 32, 32, 32, 32, 32, 32, 32, 32, 32, 32, 34, 116, 121, 112, 101, 34, 58, 32, 34, 116, 101, 120, 116, 34, 10, 32, 32, 32, 32, 32, 32, 32, 32, 125, 10, 32, 32, 32, 32, 32, 32, 93, 44, 10, 32, 32, 32, 32, 32, 32, 34, 107, 105, 110, 100, 34, 58, 32, 110, 117, 108, 108, 44, 10, 32, 32, 32, 32, 32, 32, 34, 116, 121, 112, 101, 34, 58, 32, 34, 98, 108, 111, 99, 107, 95, 113, 117, 111, 116, 101, 34, 10, 32, 32, 32, 32, 125, 44, 10, 32, 32, 32, 32, 123, 10, 32, 32, 32, 32, 32, 32, 34, 99, 104, 105, 108, 100, 114, 101, 110, 34, 58, 32, 91, 10, 32, 32, 32, 32, 32, 32, 32, 32, 123, 10, 32, 32, 32, 32, 32, 32, 32, 32, 32, 32, 34, 116, 101, 120, 116, 34, 58, 32, 34, 78, 111, 116, 101, 34, 44, 10, 32, 32, 32, 32, 32, 32, 32, 32, 32, 32, 34, 116, 121, 112, 101, 34, 58, 32, 34, 116, 101, 120, 116, 34, 10, 32, 32, 32, 32, 32, 32, 32, 32, 125, 10, 32, 32, 32, 32, 32, 32, 93, 44, 10, 32, 32, 32, 32, 32, 32, 34, 107, 105, 110, 100, 34, 58, 32, 34, 110, 111, 116, 101, 34, 44, 10, 32, 32, 32, 32, 32, 32, 34, 116, 121, 112, 101, 34, 58, 32, 34, 98, 108, 111, 99, 107, 95, 113, 117, 111, 116, 101, 34, 10, 32, 32, 32, 32, 125, 44, 10, 32, 32, 32, 32, 123, 10, 32, 32, 32, 32, 32, 32, 34, 99, 104, 105, 108, 100, 114, 101, 110, 34, 58, 32, 91, 10, 32, 32, 32, 32, 32, 32, 32, 32, 123, 10, 32, 32, 32, 32, 32, 32, 32, 32, 32, 32, 34, 116, 101, 120, 116, 34, 58, 32, 34, 84, 105, 112, 34, 44, 10, 32, 32, 32, 32, 32, 32, 32, 32, 32, 32, 34, 116, 121, 112, 101, 34, 58, 32, 34, 116, 101, 120, 116, 34, 10, 32, 32, 32, 32, 32, 32, 32, 32, 125, 10, 32, 32, 32, 32, 32, 32, 93, 44, 10, 32, 32, 32, 32, 32, 32, 34, 107, 105, 110, 100, 34, 58, 32, 34, 116, 105, 112, 34, 44, 10, 32, 32, 32, 32, 32, 32, 34, 116, 121, 112, 101, 34, 58, 32, 34, 98, 108, 111, 99, 107, 95, 113, 117, 111, 116, 101, 34, 10, 32, 32, 32, 32, 125, 44, 10, 32, 32, 32, 32, 123, 10, 32, 32, 32, 32, 32, 32, 34, 99, 104, 105, 108, 100, 114, 101, 110, 34, 58, 32, 91, 10, 32, 32, 32, 32, 32, 32, 32, 32, 123, 10, 32, 32, 32, 32, 32, 32, 32, 32, 32, 32, 34, 116, 101, 120, 116, 34, 58, 32, 34, 73, 109, 112, 111, 114, 116, 97, 110, 116, 34, 44, 10, 32, 32, 32, 32, 32, 32, 32, 32, 32, 32, 34, 116, 121, 112, 101, 34, 58, 32, 34, 116, 101, 120, 116, 34, 10, 32, 32, 32, 32, 32, 32, 32, 32, 125, 10, 32, 32, 32, 32, 32, 32, 93, 44, 10, 32, 32, 32, 32, 32, 32, 34, 107, 105, 110, 100, 34, 58, 32, 34, 105, 109, 112, 111, 114, 116, 97, 110, 116, 34, 44, 10, 32, 32, 32, 32, 32, 32, 34, 116, 121, 112, 101, 34, 58, 32, 34, 98, 108, 111, 99, 107, 95, 113, 117, 111, 116, 101, 34, 10, 32, 32, 32, 32, 125, 44, 10, 32, 32, 32, 32, 123, 10, 32, 32, 32, 32, 32, 32, 34, 99, 104, 105, 108, 100, 114, 101, 110, 34, 58, 32, 91, 10, 32, 32, 32, 32, 32, 32, 32, 32, 123, 10, 32, 32, 32, 32, 32, 32, 32, 32, 32, 32, 34, 116, 101, 120, 116, 34, 58, 32, 34, 87, 97, 114, 110, 105, 110, 103, 34, 44, 10, 32, 32, 32, 32, 32, 32, 32, 32, 32, 32, 34, 116, 121, 112, 101, 34, 58, 32, 34, 116, 101, 120, 116, 34, 10, 32, 32, 32, 32, 32, 32, 32, 32, 125, 10, 32, 32, 32, 32, 32, 32, 93, 44, 10, 32, 32, 32, 32, 32, 32, 34, 107, 105, 110, 100, 34, 58, 32, 34, 119, 97, 114, 110, 105, 110, 103, 34, 44, 10, 32, 32, 32, 32, 32, 32, 34, 116, 121, 112, 101, 34, 58, 32, 34, 98, 108, 111, 99, 107, 95, 113, 117, 111, 116, 101, 34, 10, 32, 32, 32, 32, 125, 44, 10, 32, 32, 32, 32, 123, 10, 32, 32, 32, 32, 32, 32, 34, 99, 104, 105, 108, 100, 114, 101, 110, 34, 58, 32, 91, 10, 32, 32, 32, 32, 32, 32, 32, 32, 123, 10, 32, 32, 32, 32, 32, 32, 32, 32, 32, 32, 34, 116, 101, 120, 116, 34, 58, 32, 34, 67, 97, 117, 116, 105, 111, 110, 34, 44, 10, 32, 32, 32, 32, 32, 32, 32, 32, 32, 32, 34, 116, 121, 112, 101, 34, 58, 32, 34, 116, 101, 120, 116, 34, 10, 32, 32, 32, 32, 32, 32, 32, 32, 125, 10, 32, 32, 32, 32, 32, 32, 93, 44, 10, 32, 32, 32, 32, 32, 32, 34, 107, 105, 110, 100, 34, 58, 32, 34, 99, 97, 117, 116, 105, 111, 110, 34, 44, 10, 32, 32, 32, 32, 32, 32, 34, 116, 121, 112, 101, 34, 58, 32, 34, 98, 108, 111, 99, 107, 95, 113, 117, 111, 116, 101, 34, 10, 32, 32, 32, 32, 125, 44, 10, 32, 32, 32, 32, 123, 10, 32, 32, 32, 32, 32, 32, 34, 97, 108, 105, 103, 110, 34, 58, 32, 91, 10, 32, 32, 32, 32, 32, 32, 32, 32, 34, 110, 111, 110, 101, 34, 44, 10, 32, 32, 32, 32, 32, 32, 32, 32, 34, 108, 101, 102, 116, 34, 44, 10, 32, 32, 32, 32, 32, 32, 32, 32, 34, 99, 101, 110, 116, 101, 114, 34, 44, 10, 32, 32, 32, 32, 32, 32, 32, 32, 34, 114, 105, 103, 104, 116, 34, 10, 32, 32, 32, 32, 32, 32, 93, 44, 10, 32, 32, 32, 32, 32, 32, 34, 104, 101, 97, 100, 34, 58, 32, 91, 10, 32, 32, 32, 32, 32, 32, 32, 32, 91, 10, 32, 32, 32, 32, 32, 32, 32, 32, 32, 32, 123, 10, 32, 32, 32, 32, 32, 32, 32, 32, 32, 32, 32, 32, 34, 116, 101, 120, 116, 34, 58, 32, 34, 104, 101, 97, 100, 45, 49, 34, 44, 10, 32, 32, 32, 32, 32, 32, 32, 32, 32, 32, 32, 32, 34, 116, 121, 112, 101, 34, 58, 32, 34, 116, 101, 120, 116, 34, 10, 32, 32, 32, 32, 32, 32, 32, 32, 32, 32, 125, 10, 32, 32, 32, 32, 32, 32, 32, 32, 93, 44, 10, 32, 32, 32, 32, 32, 32, 32, 32, 91, 10, 32, 32, 32, 32, 32, 32, 32, 32, 32, 32, 123, 10, 32, 32, 32, 32, 32, 32, 32, 32, 32, 32, 32, 32, 34, 116, 101, 120, 116, 34, 58, 32, 34, 104, 101, 97, 100, 45, 50, 34, 44, 10, 32, 32, 32, 32, 32, 32, 32, 32, 32, 32, 32, 32, 34, 116, 121, 112, 101, 34, 58, 32, 34, 116, 101, 120, 116, 34, 10, 32, 32, 32, 32, 32, 32, 32, 32, 32, 32, 125, 10, 32, 32, 32, 32, 32, 32, 32, 32, 93, 10, 32, 32, 32, 32, 32, 32, 93, 44, 10, 32, 32, 32, 32, 32, 32, 34, 114, 111, 119, 115, 34, 58, 32, 91, 10, 32, 32, 32, 32, 32, 32, 32, 32, 91, 10, 32, 32, 32, 32, 32, 32, 32, 32, 32, 32, 91, 10, 32, 32, 32, 32, 32, 32, 32, 32, 32, 32, 32, 32, 123, 10, 32, 32, 32, 32, 32, 32, 32, 32, 32, 32, 32, 32, 32, 32, 34, 116, 101, 120, 116, 34, 58, 32, 34, 108, 101, 102, 116, 34, 44, 10, 32, 32, 32, 32, 32, 32, 32, 32, 32, 32, 32, 32, 32, 32, 34, 116, 121, 112, 101, 34, 58, 32, 34, 116, 101, 120, 116, 34, 10, 32, 32, 32, 32, 32, 32, 32, 32, 32, 32, 32, 32, 125, 10, 32, 32, 32, 32, 32, 32, 32, 32, 32, 32, 93, 44, 10, 32, 32, 32, 32, 32, 32, 32, 32, 32, 32, 91, 10, 32, 32, 32, 32, 32, 32, 32, 32, 32, 32, 32, 32, 123, 10, 32, 32, 32, 32, 32, 32, 32, 32, 32, 32, 32, 32, 32, 32, 34, 116, 101, 120, 116, 34, 58, 32, 34, 99, 101, 110, 116, 101, 114, 34, 44, 10, 32, 32, 32, 32, 32, 32, 32, 32, 32, 32, 32, 32, 32, 32, 34, 116, 121, 112, 101, 34, 58, 32, 34, 116, 101, 120, 116, 34, 10, 32, 32, 32, 32, 32, 32, 32, 32, 32, 32, 32, 32, 125, 10, 32, 32, 32, 32, 32, 32, 32, 32, 32, 32, 93, 44, 10, 32, 32, 32, 32, 32, 32, 32, 32, 32, 32, 91, 10, 32, 32, 32, 32, 32, 32, 32, 32, 32, 32, 32, 32, 123, 10, 32, 32, 32, 32, 32, 32, 32, 32, 32, 32, 32, 32, 32, 32, 34, 116, 101, 120, 116, 34, 58, 32, 34, 114, 105, 103, 104, 116, 34, 44, 10, 32, 32, 32, 32, 32, 32, 32, 32, 32, 32, 32, 32, 32, 32, 34, 116, 121, 112, 101, 34, 58, 32, 34, 116, 101, 120, 116, 34, 10, 32, 32, 32, 32, 32, 32, 32, 32, 32, 32, 32, 32, 125, 10, 32, 32, 32, 32, 32, 32, 32, 32, 32, 32, 93, 44, 10, 32, 32, 32, 32, 32, 32, 32, 32, 32, 32, 91, 93, 10, 32, 32, 32, 32, 32, 32, 32, 32, 93, 44, 10, 32, 32, 32, 32, 32, 32, 32, 32, 91, 10, 32, 32, 32, 32, 32, 32, 32, 32, 32, 32, 91, 10, 32, 32, 32, 32, 32, 32, 32, 32, 32, 32, 32, 32, 123, 10, 32, 32, 32, 32, 32, 32, 32, 32, 32, 32, 32, 32, 32, 32, 34, 116, 101, 120, 116, 34, 58, 32, 34, 114, 111, 119, 50, 34, 44, 10, 32, 32, 32, 32, 32, 32, 32, 32, 32, 32, 32, 32, 32, 32, 34, 116, 121, 112, 101, 34, 58, 32, 34, 99, 111, 100, 101, 34, 10, 32, 32, 32, 32, 32, 32, 32, 32, 32, 32, 32, 32, 125, 10, 32, 32, 32, 32, 32, 32, 32, 32, 32, 32, 93, 44, 10, 32, 32, 32, 32, 32, 32, 32, 32, 32, 32, 91, 10, 32, 32, 32, 32, 32, 32, 32, 32, 32, 32, 32, 32, 123, 10, 32, 32, 32, 32, 32, 32, 32, 32, 32, 32, 32, 32, 32, 32, 34, 116, 101, 120, 116, 34, 58, 32, 34, 60, 98, 62, 114, 111, 119, 50, 60, 47, 98, 62, 34, 44, 10, 32, 32, 32, 32, 32, 32, 32, 32, 32, 32, 32, 32, 32, 32, 34, 116, 121, 112, 101, 34, 58, 32, 34, 104, 116, 109, 108, 34, 10, 32, 32, 32, 32, 32, 32, 32, 32, 32, 32, 32, 32, 125, 10, 32, 32, 32, 32, 32, 32, 32, 32, 32, 32, 93, 10, 32, 32, 32, 32, 32, 32, 32, 32, 93, 10, 32, 32, 32, 32, 32, 32, 93, 44, 10, 32, 32, 32, 32, 32, 32, 34, 116, 121, 112, 101, 34, 58, 32, 34, 116, 97, 98, 108, 101, 34, 10, 32, 32, 32, 32, 125, 44, 10, 32, 32, 32, 32, 123, 10, 32, 32, 32, 32, 32, 32, 34, 99, 104, 101, 99, 107, 101, 100, 34, 58, 32, 102, 97, 108, 115, 101, 44, 10, 32, 32, 32, 32, 32, 32, 34, 116, 121, 112, 101, 34, 58, 32, 34, 116, 97, 115, 107, 95, 109, 97, 114, 107, 101, 114, 34, 10, 32, 32, 32, 32, 125, 44, 10, 32, 32, 32, 32, 123, 10, 32, 32, 32, 32, 32, 32, 34, 99, 104, 101, 99, 107, 101, 100, 34, 58, 32, 116, 114, 117, 101, 44, 10, 32, 32, 32, 32, 32, 32, 34, 116, 121, 112, 101, 34, 58, 32, 34, 116, 97, 115, 107, 95, 109, 97, 114, 107, 101, 114, 34, 10, 32, 32, 32, 32, 125, 44, 10, 32, 32, 32, 32, 123, 10, 32, 32, 32, 32, 32, 32, 34, 116, 121, 112, 101, 34, 58, 32, 34, 114, 117, 108, 101, 34, 10, 32, 32, 32, 32, 125, 44, 10, 32, 32, 32, 32, 123, 10, 32, 32, 32, 32, 32, 32, 34, 116, 121, 112, 101, 34, 58, 32, 34, 115, 111, 102, 116, 95, 98, 114, 101, 97, 107, 34, 10, 32, 32, 32, 32, 125, 44, 10, 32, 32, 32, 32, 123, 10, 32, 32, 32, 32, 32, 32, 34, 116, 121, 112, 101, 34, 58, 32, 34, 104, 97, 114, 100, 95, 98, 114, 101, 97, 107, 34, 10, 32, 32, 32, 32, 125, 10, 32, 32, 93, 44, 10, 32, 32, 34, 98, 114, 101, 97, 100, 99, 114, 117, 109, 98, 115, 34, 58, 32, 91, 10, 32, 32, 32, 32, 34, 117, 110, 105, 99, 111, 100, 101, 34, 44, 10, 32, 32, 32, 32, 34, 102, 105, 120, 116, 117, 114, 101, 115, 34, 10, 32, 32, 93, 44, 10, 32, 32, 34, 98, 117, 105, 108, 116, 95, 97, 116, 34, 58, 32, 34, 50, 48, 50, 54, 45, 48, 57, 45, 50, 51, 84, 48, 48, 58, 48, 48, 58, 48, 48, 90, 34, 44, 10, 32, 32, 34, 105, 100, 34, 58, 32, 34, 117, 110, 105, 99, 111, 100, 101, 47, 99, 111, 109, 112, 108, 101, 116, 101, 34, 44, 10, 32, 32, 34, 107, 105, 110, 100, 34, 58, 32, 34, 114, 104, 97, 119, 105, 107, 105, 95, 112, 97, 103, 101, 34, 44, 10, 32, 32, 34, 108, 105, 110, 107, 115, 34, 58, 32, 91, 10, 32, 32, 32, 32, 123, 10, 32, 32, 32, 32, 32, 32, 34, 97, 110, 99, 104, 111, 114, 34, 58, 32, 34, 114, 195, 169, 115, 117, 109, 195, 169, 63, 120, 61, 49, 34, 44, 10, 32, 32, 32, 32, 32, 32, 34, 112, 97, 103, 101, 34, 58, 32, 34, 117, 110, 105, 99, 111, 100, 101, 47, 116, 97, 114, 103, 101, 116, 34, 44, 10, 32, 32, 32, 32, 32, 32, 34, 115, 116, 97, 116, 117, 115, 34, 58, 32, 34, 114, 101, 115, 111, 108, 118, 101, 100, 34, 10, 32, 32, 32, 32, 125, 44, 10, 32, 32, 32, 32, 123, 10, 32, 32, 32, 32, 32, 32, 34, 97, 110, 99, 104, 111, 114, 34, 58, 32, 110, 117, 108, 108, 44, 10, 32, 32, 32, 32, 32, 32, 34, 112, 97, 103, 101, 34, 58, 32, 110, 117, 108, 108, 44, 10, 32, 32, 32, 32, 32, 32, 34, 115, 116, 97, 116, 117, 115, 34, 58, 32, 34, 117, 110, 114, 101, 115, 111, 108, 118, 101, 100, 34, 10, 32, 32, 32, 32, 125, 10, 32, 32, 93, 44, 10, 32, 32, 34, 115, 99, 104, 101, 109, 97, 95, 118, 101, 114, 115, 105, 111, 110, 34, 58, 32, 49, 44, 10, 32, 32, 34, 116, 105, 116, 108, 101, 34, 58, 32, 34, 84, 195, 173, 116, 108, 101, 32, 230, 151, 165, 230, 156, 172, 32, 240, 159, 152, 128, 34, 44, 10, 32, 32, 34, 116, 111, 99, 34, 58, 32, 91, 10, 32, 32, 32, 32, 123, 10, 32, 32, 32, 32, 32, 32, 34, 97, 110, 99, 104, 111, 114, 34, 58, 32, 34, 116, 111, 99, 45, 100, 105, 102, 102, 34, 44, 10, 32, 32, 32, 32, 32, 32, 34, 108, 101, 118, 101, 108, 34, 58, 32, 49, 44, 10, 32, 32, 32, 32, 32, 32, 34, 116, 101, 120, 116, 34, 58, 32, 34, 84, 79, 67, 32, 100, 105, 102, 102, 101, 114, 115, 34, 10, 32, 32, 32, 32, 125, 44, 10, 32, 32, 32, 32, 123, 10, 32, 32, 32, 32, 32, 32, 34, 97, 110, 99, 104, 111, 114, 34, 58, 32, 34, 115, 101, 99, 111, 110, 100, 34, 44, 10, 32, 32, 32, 32, 32, 32, 34, 108, 101, 118, 101, 108, 34, 58, 32, 51, 44, 10, 32, 32, 32, 32, 32, 32, 34, 116, 101, 120, 116, 34, 58, 32, 34, 83, 101, 99, 111, 110, 100, 34, 10, 32, 32, 32, 32, 125, 10, 32, 32, 93, 10, 125, 10] }
note: run with `RUST_BACKTRACE=1` environment variable to display a backtrace
error: test failed, to rerun pass `-p adapter-json --test registered`

negative control exit: 101
